threshold	0.02309798280027936
145	243
2258	2410
3588	3676
7508	7580
9393	9625
10084	10145
13139	13243
13944	14191
14425	15061
15187	15320
15376	16144
16244	16442
16610	16806
16884	16977
17391	17413
17900	18028
18197	18321
18822	18973
19081	19553
19840	19960
20799	20943
21747	21848
22898	22975
23456	23540
24297	24448
24611	24672
24995	25410
25561	26431
26699	26852
27060	27427
27645	27997
28105	28279
28365	29074
29403	29708
29984	31987
32094	32805
32878	33084
33217	35608
35642	35779
35863	38727
38834	38913
39197	39282
40854	41017
46620	46877
47449	47528
47663	47827
47916	48118
49040	49169
49351	49613
50023	51626
51740	52254
52406	52733
52934	53007
53222	53440
57697	57775
58410	59583
59619	60115
62120	62296
62508	62695
62730	62854
63414	63440
63962	64171
64545	64768
65226	65408
65522	65669
66879	67380
67992	68146
68530	68582
68667	68732
72026	72192
75085	75172
75294	75487
75754	75847
75883	76045
76601	76694
79623	79702
81545	81690
84182	84263
86996	87163
87564	87587
89717	89811
90369	90562
90741	90871
92328	92438
93451	93741
93956	94134
94707	95082
95231	95494
96488	96550
96878	97083
97556	97869
97994	98465
98623	98939
98998	99231
99565	99624
100325	100437
101142	101167
101361	101493
104505	104706
105086	105273
107890	108101
111920	112095
112116	112232
112369	112803
113273	113396
114430	114564
114619	114808
114979	115053
115534	115678
115775	115885
115934	116049
117526	117574
118210	118309
118443	118566
119479	119597
121709	122018
122180	122217
122326	122441
122653	122755
123052	123162
123510	123607
124258	124304
126566	126611
128015	128073
128673	128935
129740	129797
133546	133644
135474	135830
138368	138384
142533	142616
143181	143268
143920	144141
144459	144595
144902	145160
146200	146281
146634	146710
149288	149393
149539	150059
157531	157612
158869	158894
159428	159553
160283	160304
161428	161723
162106	162210
162330	162966
163072	163167
163226	163855
164412	164423
165301	165431
165581	165751
165986	166517
166593	166732
166838	166915
168016	168086
168330	168955
169244	169348
169474	169948
172141	172448
172698	172802
172946	173665
174040	174084
174387	174434
175906	175987
176811	177944
178044	178191
181167	181380
181698	181757
181857	181922
182137	182209
183086	183166
183667	183863
184311	184454
184827	184867
185103	185131
185671	185814
186039	186190
186812	186959
187233	187339
187886	188164
189512	189757
191728	191744
192542	192635
193420	193466
193819	194266
195573	195868
199660	199789
203578	203681
204113	204129
204750	204785
205243	205381
205674	205840
206176	206186
206378	206988
207327	207651
208145	208174
208480	208529
208695	208978
209314	209389
211254	211403
211608	213843
214510	214646
214689	217484
217629	217799
217963	217988
218136	218588
218757	218966
220264	220396
221244	221490
221631	221702
221876	221963
222739	222788
222962	223094
223896	224058
224194	224263
225608	225675
226594	226876
226942	227051
227475	227607
227778	227901
229015	229153
229288	229361
229375	229596
230899	230929
232196	232260
232867	232924
233329	233450
235917	235963
236337	236373
237043	237270
237473	237542
239339	239404
240010	240114
240464	240666
240824	241105
241624	241701
241938	242044
242272	242420
243193	243466
243536	243647
246900	246977
247351	247520
248272	248348
249370	249560
249687	249713
249855	250625
250709	250814
250861	250901
250949	251221
251764	252449
252712	252794
252988	253200
253345	253580
253674	253941
254345	254451
254863	255430
256522	256614
256863	257412
257789	258805
258865	259088
259953	260052
260342	260442
261155	261175
261464	261648
270705	270737
276810	277422
279290	279367
280476	280729
280741	280823
280987	281131
281348	281483
282057	282242
282322	282567
282692	282773
283195	283227
283393	283414
283811	283877
285685	285745
287145	287159
287286	287354
287658	287723
287888	288678
288708	288785
291510	291661
292120	292228
292352	292530
292815	293092
293915	294276
295880	295949
296110	296224
297983	298125
300526	300589
300784	300867
301243	301465
302286	302416
302861	303072
303197	303369
303937	304434
304911	305294
305414	305564
305676	305898
305979	306115
306449	306571
306732	306774
307337	307420
307695	307830
307959	308039
308128	308561
308873	308881
309388	309420
310301	311409
312391	312489
316456	316489
316779	316905
317270	319581
319628	319758
319995	320343
320831	321486
321619	322965
323139	324717
324843	325007
325213	325451
325505	325745
325902	326243
326407	327006
327088	327228
327449	327614
328827	328959
329873	330013
330701	330874
331854	331906
332074	332229
333091	333325
333482	333550
333935	333965
335106	335233
336227	336500
336914	337053
337170	337413
337623	337789
338405	338473
338911	339136
339289	339324
339393	339665
342350	342418
343241	343264
343750	343893
344363	344451
345458	345513
346341	346375
347017	347236
347390	347516
348920	348960
349592	349712
350049	350260
350525	350828
352004	352083
352886	353336
353404	353489
357263	357323
357466	357595
357652	357811
359550	359568
361649	361701
362830	362895
363278	363399
363666	363855
364098	364159
364283	364333
364612	364655
364763	364896
365050	365393
365852	366540
366615	366792
367164	367204
367289	367458
367648	367841
368100	368174
368505	368510
368826	369014
370514	370615
370753	372444
372635	372673
372742	372995
373205	373417
373581	373801
375638	376113
376729	376824
378493	378588
378773	378838
379014	379105
379720	379956
381240	381310
383479	383628
386506	386602
388856	388876
393216	393248
393355	393539
402918	402939
406185	406263
406690	407224
409302	409396
409994	410028
413256	413262
413608	414236
414325	414474
414617	414671
415027	415108
415442	415539
416815	416918
418631	418658
419007	419104
419188	419360
419510	419637
419964	420087
420189	420936
421713	421789
423884	424080
424358	424464
424544	424654
424833	425049
425572	425695
425919	426060
426567	426655
427380	427506
429058	429162
429636	429710
431818	432157
433197	433223
434728	434849
435092	435169
436062	436090
436956	437108
437323	437468
438271	438375
438698	438853
439780	439858
440357	440383
443018	443041
443591	443664
447218	447455
453157	453353
453893	454073
454306	454649
454965	455138
455192	455349
455520	455534
456397	456565
457155	457800
457889	458490
458524	458725
458798	459104
459339	459549
459781	459896
460079	460185
460298	460468
460801	460992
461149	461239
461667	461828
462159	462662
463112	463274
470520	470542
473412	473513
474230	474307
482143	482298
483915	483959
486417	486521
486861	486927
488097	488110
497348	497362
497470	497579
497929	498109
498171	498338
498538	498613
499472	499794
499959	500200
502035	502050
505106	505346
505545	505704
505996	506025
506943	506977
508793	508867
509149	509280
511146	511284
514423	514658
515961	516384
516891	517117
520873	520954
526379	526470
526613	526717
526967	527059
527154	527264
528949	528972
529448	529492
529921	529944
530348	530495
530637	530695
531328	531544
532413	532619
533000	533564
533822	533944
534229	534314
536766	537088
537180	537284
537620	537872
538128	538236
538336	538438
540117	540267
541984	542018
547383	549987
550013	550091
550439	550634
550890	551074
551239	551411
551630	551790
551838	552024
552210	552421
552994	553200
553310	553449
553717	553798
553892	553993
554023	554774
554878	554942
555025	555096
555852	558275
558326	559061
559098	560062
560296	560553
560676	560835
561423	561742
562041	562127
562187	562574
564045	565094
565173	565259
565388	567035
578384	578417
578855	578939
579863	579966
581840	581931
582479	582559
587114	587173
590652	590700
591691	591739
613312	613369
615800	615835
616328	616394
616576	616642
621640	621893
622309	622411
624750	624821
625081	625158
625455	625581
627060	627169
642617	642715
644735	644887
646065	646153
650235	650307
652127	652359
652819	652879
655889	655993
656702	656947
657182	657822
657948	658078
658149	658936
659062	659254
659425	659621
659706	659798
660225	660247
660735	660863
661032	661156
661668	661819
661927	662400
662687	662807
663648	663792
664598	664699
665768	665845
666331	666414
667186	667338
667504	667564
667895	668308
668464	669336
669604	669758
669966	670336
670554	670910
671022	671196
671283	671994
672356	672666
672946	674971
675080	675801
675875	676080
676229	678648
678697	678830
678915	681813
681921	682000
682285	682370
683951	684114
689781	689995
690622	690701
690836	690999
691094	691298
692249	692370
692561	692822
693243	694857
694973	695488
695649	695978
696180	696253
696468	696685
700993	701071
701718	702887
702954	703444
705459	705635
705854	706040
706078	706201
706764	706790
707327	707536
707911	708133
708611	708792
708906	709053
710267	710768
711397	711550
712075	712139
715485	715651
718590	718675
718798	718991
719259	719352
719388	719550
720116	720207
723164	723243
725116	725263
727788	727869
730650	730816
731668	731771
732008	732061
733179	733300
733365	733496
734391	734575
736093	736602
737420	737711
737925	738103
738678	739053
739207	739477
740489	740550
740887	741091
741565	741882
742007	742479
742639	742957
743022	743251
743605	743663
744367	744478
745184	745209
745403	745535
748585	748788
749180	749362
751569	751604
751898	751922
755582	755757
755778	755894
756031	756466
756937	757059
758127	758260
758315	758504
758681	758746
759244	759389
759486	759595
759648	759761
761285	761328
761982	762081
762217	762339
763257	763375
765544	765853
766019	766046
766166	766279
766500	766599
766899	767009
767378	767466
770492	770753
771555	771616
775390	775485
776442	776483
777194	777642
784636	784718
785289	785376
786029	786250
786569	786705
787014	787278
788339	788420
788774	788846
791762	791867
792013	792533
796804	796845
800047	800123
801416	801441
801980	802104
802850	802869
803777	804055
804539	805073
805452	805893
805910	806179
807640	807770
807920	808090
808326	808857
808935	809073
809185	809259
810390	810465
810710	811088
811294	811926
812383	812873
814133	814440
814692	814796
814944	815663
816049	816093
816400	816447
817659	817715
818315	818712
819045	819532
821808	822021
822351	822409
822510	822575
822793	822865
823756	823836
824358	824557
825017	825147
825560	825597
825834	825862
826404	826547
826773	826924
827547	827694
827969	828075
828623	828902
830253	830498
832474	832490
833290	833383
834169	834215
834557	835005
835348	835746
836867	837075
837634	837750
838146	838299
839106	839124
839724	839747
840752	840767
841210	841287
841774	841850
842684	842847
843010	843072
843417	843839
843988	844070
844207	844490
844633	845016
845126	845357
845423	847038
847075	848689
848739	848852
848941	851217
851324	851507
852482	852611
858100	858408
858900	858921
859108	859264
859436	859523
860026	860106
860234	860395
860489	860565
860785	861300
861437	862103
862211	862581
862687	863033
863409	863444
864833	864920
866181	866259
866916	867926
867990	869297
869347	869546
871533	871860
872404	872431
872914	873191
873504	873659
874025	874170
874358	874499
876074	876183
877739	877902
880179	880220
880301	880375
881010	881106
881237	881430
881662	881737
881810	881964
884770	884850
886728	886878
889413	889499
891988	892002
893349	893495
896264	896308
897291	897661
897865	897967
898342	898715
898821	899005
899876	899900
900094	900226
900709	900821
901814	902000
902233	902514
904724	904782
909875	910003
910983	911348
911738	911924
912082	912108
912212	912277
912436	912508
912527	912619
913667	913684
914639	914760
916371	916646
916816	916841
917168	917262
917597	917680
918044	918146
919824	919927
922212	922292
922833	922935
925829	925926
927012	927218
927549	927684
927945	928146
931685	931789
931908	932272
932418	932484
938543	938571
939032	939157
940197	940223
940372	940540
940570	940847
941181	941463
941732	941921
942250	942371
942612	943206
944813	945015
945345	945424
945481	945555
945779	945851
946692	946772
947263	947459
947950	948056
948664	948690
950092	950159
950323	950478
951270	951355
951831	951876
955471	955542
957291	957427
960751	960845
961236	961356
961696	962057
962204	962356
962421	962699
962863	963003
963111	963142
963360	963960
964226	964326
965573	966018
966184	966701
966808	967478
967767	967848
968839	968984
969570	970156
970390	970463
970678	970913
971354	971694
972068	972362
975404	975531
975873	975888
976578	977007
977298	977371
978214	978271
978648	978963
979092	979210
979291	979472
979644	979732
979827	979922
980052	980105
982971	983144
983814	983869
985471	985747
986019	986191
986542	986649
986841	987310
987731	987932
988144	988206
988819	989009
989483	989512
989768	989936
990076	990220
990799	990945
991242	991350
991775	992041
993438	993620
994532	994986
995852	995948
996290	996323
996649	996834
997400	997563
997733	997932
1001012	1001090
1003842	1003911
1004072	1004186
1005945	1006087
1008488	1008551
1008746	1008829
1009201	1009428
1010248	1010392
1010652	1010953
1011078	1011256
1011574	1012208
1012685	1013068
1013188	1013339
1013435	1013659
1013740	1013875
1014212	1014334
1014497	1014539
1014994	1015077
1015355	1015440
1015610	1015688
1015783	1017734
1017793	1017940
1017981	1018644
1018716	1019703
1019925	1020030
1020223	1022138
1022191	1024287
1024495	1025687
1025735	1025940
1026075	1026459
1026635	1026779
1027326	1027358
1027547	1028781
1028836	1028957
1029088	1029284
1029665	1030188
1030294	1030431
1030545	1030650
1031121	1031264
1031734	1031822
1032829	1032884
1033712	1033746
1034388	1034607
1034761	1034887
1036291	1036332
1037567	1037646
1038432	1038602
1038679	1038947
1043073	1043170
1045082	1045134
1046377	1046535
1046562	1046692
1047206	1047315
1047804	1047904
1048628	1048646
1048884	1048957
1049113	1049269
1051190	1051315
1051524	1051571
1052369	1053071
1053173	1053411
1054046	1054094
1054239	1054254
1054811	1055115
1055264	1055393
1055684	1055794
1055820	1056056
1056133	1056387
1056518	1056596
1056905	1057151
1057539	1057766
1058481	1058957
1059586	1059683
1061452	1061527
1061824	1061915
1062470	1062724
1067875	1067971
1069545	1069613
1070361	1070402
1070812	1071014
1071396	1071495
1078961	1078982
1081692	1081712
1083100	1083222
1083727	1083783
1083934	1084465
1085110	1085199
1087158	1087204
1087636	1087658
1088111	1088178
1089541	1089564
1089824	1090055
1090203	1090399
1090570	1090624
1091442	1091544
1092538	1092565
1092915	1092994
1093119	1093277
1094483	1094573
1095317	1095528
1096755	1097032
1100815	1100944
1104859	1104962
1105400	1105416
1106038	1106072
1106530	1106668
1106961	1107128
1107652	1108262
1108601	1108926
1109417	1109446
1109744	1109879
1110006	1110270
1110520	1110624
1112484	1112633
1112837	1115558
1115788	1116111
1116335	1118367
1118541	1120200
1120334	1120483
1120836	1121636
1121792	1121925
1122037	1122295
1122360	1122542
1122711	1122920
1124218	1124350
1125198	1125444
1125585	1125656
1125830	1125917
1126685	1126734
1126910	1127064
1127171	1127210
1127906	1128068
1128204	1128273
1129719	1129822
1130842	1131111
1131218	1131321
1131746	1131874
1132048	1132180
1133385	1133526
1133675	1133727
1133746	1133969
1135268	1135298
1136565	1136629
1137236	1137293
1137702	1137822
1139772	1139816
1140657	1140693
1141363	1141590
1141793	1141862
1143648	1143713
1144437	1144539
1144905	1145119
1145329	1145694
1146162	1146239
1146465	1146569
1146779	1146925
1147668	1147963
1148031	1148142
1151351	1151428
1151802	1151971
1154225	1154415
1154542	1154567
1154745	1154792
1155265	1155447
1155715	1155776
1155900	1155953
1156216	1156255
1156441	1156522
1156709	1157048
1157552	1158300
1158359	1158484
1158697	1158842
1158988	1159186
1159307	1159408
1159560	1159590
1159868	1160090
1160335	1160374
1160779	1160784
1161997	1162089
1162305	1162953
1163348	1164592
1164779	1164987
1165055	1165278
1166030	1166141
1166401	1166527
1166948	1167030
1168772	1168841
1171141	1171277
1173498	1173594
1175852	1175872
1178329	1178361
1178468	1178652
1183856	1183880
1185197	1185218
1186229	1186285
1188038	1188612
1190756	1190852
1191470	1191507
1194742	1195247
1196404	1196596
1196667	1196876
1197030	1197111
1197533	1197565
1197731	1197752
1198132	1198204
1200769	1200953
1201287	1201355
1201537	1202301
1202398	1202427
1205431	1205607
1206046	1206153
1206428	1206705
1208039	1208245
1208820	1208933
1209339	1209492
1210341	1210359
1210971	1210990
1212015	1212030
1212488	1212565
1213040	1213147
1213986	1214145
1214308	1214369
1214718	1215156
1215301	1215385
1215542	1215878
1216146	1217368
1217662	1219518
1219620	1221231
1221306	1221514
1221555	1221672
1221748	1224282
1224385	1224568
1225575	1225702
1231297	1231605
1232315	1232656
1232840	1232924
1233451	1233515
1233650	1233811
1233909	1233982
1234208	1234738
1234866	1235585
1235688	1236144
1236286	1236674
1237051	1237086
1238479	1238566
1239844	1239922
1240584	1241400
1241564	1241974
1242033	1243413
1243462	1243670
1245685	1246018
1246567	1246594
1247074	1247341
1247716	1247914
1248001	1248018
1248397	1248536
1248727	1248867
1250472	1250581
1252365	1252531
1254800	1254841
1254923	1254986
1255638	1255733
1255873	1256065
1256306	1256374
1256459	1256612
1257145	1257244
1259630	1259710
1261630	1261784
1264379	1264465
1266800	1266827
1268951	1268975
1270810	1270853
1271864	1272229
1272440	1272567
1272930	1273326
1273407	1273530
1273545	1273812
1274714	1274738
1274932	1275064
1276891	1277078
1277461	1277647
1280329	1280566
1285233	1285361
1286365	1286737
1287127	1287337
1287476	1287504
1287605	1287725
1287830	1288030
1289069	1289173
1290068	1290211
1291856	1292143
1292313	1292338
1292654	1292784
1293107	1293191
1293562	1293664
1294228	1294282
1296563	1296608
1297993	1298051
1299730	1299833
1303037	1303127
1304545	1304640
1307606	1307743
1308308	1308389
1308419	1308495
1308814	1309046
1309357	1309493
1309751	1309960
1310521	1310570
1310859	1310902
1313810	1313914
1314033	1314403
1314549	1314615
1321234	1321277
1322514	1322542
1323009	1323134
1324989	1325157
1325187	1325458
1325592	1325694
1325870	1326274
1326385	1326436
1326617	1326903
1328014	1328090
1328472	1328635
1328727	1329167
1329892	1329972
1330664	1330883
1332078	1332163
1332577	1332777
1335622	1336121
1337822	1337916
1339638	1339840
1340178	1340257
1340314	1340388
1340635	1340707
1341563	1341643
1342139	1342338
1342797	1342939
1343599	1343625
1345258	1345413
1345767	1345855
1346766	1346811
1350596	1350667
1352416	1352552
1355876	1355970
1356361	1356481
1356821	1357182
1357329	1357481
1357546	1357794
1357988	1358128
1358236	1358267
1358485	1359085
1359351	1359451
1360718	1361142
1361308	1361825
1361932	1362602
1362891	1362972
1363965	1364066
1364696	1365282
1365516	1365589
1365804	1366039
1366478	1366818
1367192	1367486
1370528	1370655
1370997	1371012
1371702	1372131
1372422	1372495
1373795	1374092
1374221	1374339
1374420	1374601
1374773	1374861
1374956	1375051
1375181	1375234
1378490	1378663
1379322	1379377
1382113	1382142
1382398	1382566
1382706	1382850
1383429	1383575
1383872	1383980
1384405	1384671
1386068	1386250
1387162	1387616
1388482	1388578
1388920	1388953
1389279	1389464
1390030	1390193
1390363	1390562
1393642	1393720
1394988	1395115
1396823	1396940
1398049	1398074
1400423	1400707
1400817	1400896
1401298	1401392
1401825	1402316
1402440	1402593
1403017	1403162
1403346	1403487
1404019	1404123
1404481	1404632
1405003	1405160
1405861	1405956
1407521	1407624
1408112	1408256
1409451	1409530
1410933	1411212
1411293	1411469
1411590	1411669
1412131	1412266
1412376	1412548
1412962	1413065
1413404	1413694
1414131	1414380
1414689	1414861
1414971	1415230
1415776	1415888
1417183	1417230
1418144	1418329
1418814	1418907
1420899	1420983
1421361	1421380
1422012	1422131
1422529	1422599
1423390	1423549
1423881	1424029
1426602	1426667
1427326	1427365
1427441	1427484
1432194	1432879
1432961	1433902
1433989	1434752
1434879	1434936
1435170	1435481
1436869	1436884
1438886	1438901
1439284	1439382
1441998	1442185
1442882	1442989
1443399	1443487
1445300	1445381
1446034	1446130
1450454	1451896
1451998	1452842
1452862	1453157
1453195	1454096
1454145	1454524
1455106	1455877
1455986	1456466
1456574	1456973
1457066	1457489
1457506	1457645
1457816	1458012
1458131	1458745
1458841	1458968
1458973	1459060
1459357	1459857
1459909	1460626
1460734	1460898
1461183	1461737
1461991	1462574
1462737	1462976
1463106	1463338
1463548	1463740
1464047	1464122
1464411	1464522
1464617	1464764
1465360	1465497
1465762	1465781
1466220	1466484
1466583	1466647
1467213	1467522
1467672	1467724
1467827	1468406
1468471	1468582
1469082	1469257
1469400	1469689
1469776	1469939
1470013	1470245
1470587	1470717
1470829	1471787
1471856	1472058
1472262	1472325
1472457	1472476
1475689	1475786
1487458	1487513
1487995	1488124
1488771	1488846
1489223	1489294
1492203	1492970
1493077	1493358
1493737	1494189
1494394	1494482
1503375	1503524
1513253	1513377
1520949	1521042
1521329	1521363
1521661	1521757
1521957	1522069
1522290	1522568
1523568	1523818
1524711	1524859
1531459	1531479
1539065	1539134
1539536	1539664
1542443	1542613
1543262	1543272
1543717	1543866
1544291	1544350
1544700	1544761
1545151	1545246
1545335	1545420
1546184	1546265
1546991	1547052
1548043	1548128
1551304	1551386
1552353	1552433
1553496	1553630
1553733	1553888
1554062	1554093
1554393	1554472
1554636	1554817
1555319	1555343
1555826	1556185
1556595	1556630
1558308	1558323
1558732	1558943
1559070	1559220
1559457	1559516
1560181	1560202
1561223	1562290
1562329	1562449
1562747	1563002
1563670	1563872
1563894	1564144
1564343	1564519
1564571	1565211
1565234	1567348
1567666	1568184
1568265	1569332
1569570	1569689
1569748	1569934
1570079	1570208
1570941	1571087
1571194	1571277
1572334	1572498
1572789	1572844
1573764	1573902
1575352	1575410
1575684	1575758
1576324	1576539
1576881	1576922
1578458	1578840
1578929	1579017
1579805	1579836
1581165	1581283
1581448	1581570
1582419	1582542
1582916	1582922
1584850	1585188
1587765	1588093
1588568	1588606
1591765	1591948
1592204	1592234
1592385	1592482
1592665	1592717
1593197	1593223
1595948	1596100
1596231	1596262
1596597	1596622
1597420	1597497
1598991	1599145
1599481	1599498
1599771	1599881
1600216	1600356
1600735	1600761
1600855	1600966
1602279	1602304
1603150	1603293
1603679	1603748
1604582	1604713
1606180	1606266
1607268	1607493
1607603	1607736
1608336	1608419
1609608	1610167
1610416	1610555
1611277	1611438
1611748	1611918
1612197	1612301
1614552	1614988
1615025	1615059
1615268	1615417
1616648	1616995
1617294	1617427
1617966	1619104
1619419	1620644
1620701	1620838
1620982	1621186
1621446	1621577
1621696	1622078
1622108	1622295
1622367	1622791
1623272	1623863
1623917	1624327
1624424	1624514
1624776	1624891
1628660	1628706
1629373	1629448
1630085	1630163
1630281	1630482
1631072	1631154
1631538	1631905
1632673	1632851
1635442	1635522
1636690	1636796
1638002	1638259
1638363	1638428
1638902	1639040
1639613	1639816
1640149	1640259
1642628	1642709
1644086	1644150
1644271	1644349
1647189	1647198
1647305	1647582
1648357	1648820
1651644	1651750
1651926	1652030
1653465	1653666
1654816	1654935
1655264	1656097
1656321	1656446
1656687	1657143
1657236	1657905
1657980	1658097
1658278	1658403
1658422	1658547
1659138	1659242
1659542	1659773
1659964	1660536
1660607	1661221
1661349	1662189
1662226	1662341
1662806	1662898
1663394	1663585
1663736	1664544
1665713	1666224
1666387	1666751
1666945	1667043
1667067	1668045
1668364	1668541
1668609	1668739
1668824	1668987
1669133	1669458
1669763	1669839
1670218	1670252
1670318	1670780
1670949	1671224
1671759	1672260
1672470	1672614
1672887	1673235
1673301	1673502
1673553	1673664
1674243	1675465
1675493	1676505
1676576	1676865
1677000	1677339
1678316	1678592
1678655	1678679
1678872	1679207
1679330	1679441
1679679	1679772
1679976	1680315
1680689	1680826
1680975	1681227
1681454	1681919
1682236	1682375
1682762	1682966
1683031	1683132
1683258	1683457
1683549	1683827
1684094	1684215
1686590	1686675
1686741	1686848
1687890	1687920
1688142	1688263
1689687	1689833
1690683	1691027
1691302	1691380
1691740	1692154
1692201	1692725
1692755	1693600
1695795	1696036
1696097	1696192
1696505	1696612
1696925	1696969
1697762	1698051
1698783	1699005
1699065	1699115
1699822	1699979
1701290	1701503
1701897	1702045
1704160	1704456
1705188	1705420
1706026	1706237
1706816	1706881
1708175	1708253
1709124	1709274
1713161	1713234
1713907	1714011
1714614	1714795
1714931	1715095
1715529	1715871
1720341	1720462
1725193	1725271
1725851	1726516
1726606	1726738
1727073	1727151
1727643	1727814
1727884	1727958
1728299	1728456
1728880	1729234
1729306	1729418
1730268	1730324
1730570	1730800
1731166	1731296
1731895	1732417
1733308	1733506
1733845	1733972
1734114	1734514
1734824	1734933
1735091	1735302
1735698	1735982
1736933	1737003
1737305	1737617
1737757	1737832
1739428	1739809
1740924	1740999
1741250	1741452
1741571	1741730
1742390	1742443
1742676	1742711
1743050	1743446
1743948	1744133
1746207	1746484
1750267	1750396
1754311	1754414
1754852	1754868
1755490	1755524
1755982	1756120
1756413	1756580
1757104	1757714
1758053	1758378
1758869	1758898
1759196	1759331
1759458	1759722
1759972	1760076
1761936	1762085
1762289	1765010
1765240	1765563
1765787	1767819
1767993	1769652
1769786	1769935
1770288	1771088
1771244	1771377
1771489	1771747
1771812	1771994
1772163	1772372
1773670	1773802
1774650	1774896
1775037	1775108
1775282	1775369
1776137	1776186
1776362	1776516
1776623	1776662
1777358	1777520
1777656	1777725
1779171	1779274
1780294	1780563
1780670	1780773
1781198	1781326
1781500	1781632
1782837	1782978
1783127	1783179
1783198	1783421
1784720	1784750
1786017	1786081
1786688	1786745
1787154	1787274
1789224	1789268
1790109	1790145
1790815	1791042
1791245	1791314
1793100	1793165
1793889	1793991
1794357	1794571
1794781	1795146
1795614	1795691
1795917	1796021
1796231	1796377
1797120	1797415
1797483	1797594
1800838	1800915
1801289	1801458
1803691	1803881
1804008	1804033
1804213	1804252
1805128	1805211
1805395	1805735
1806240	1806966
1807010	1807119
1807263	1807394
1807557	1807755
1807876	1807977
1808129	1808159
1808466	1808630
1808984	1809114
1809217	1809780
1810849	1810941
1811191	1811319
1811383	1811631
1811695	1811744
1812141	1813382
1813544	1813763
1813831	1814054
1814806	1814917
1815177	1815303
1815712	1815795
1816807	1816991
1820492	1820628
1826173	1826193
1829930	1829962
1830069	1830253
1835663	1835684
1836695	1836751
1839001	1839594
1841658	1841671
1841755	1841848
1842783	1842887
1843884	1843976
1847318	1847823
1848984	1849172
1849245	1849461
1849611	1849692
1850114	1850146
1850312	1850333
1850730	1850796
1852119	1852180
1853437	1853621
1853955	1854023
1854205	1854969
1855066	1855095
1858099	1858275
1858714	1858822
1858924	1859112
1859534	1859707
1859817	1859967
1860475	1860568
1860746	1860898
1862159	1862378
1862487	1862534
1863234	1863817
1864078	1864247
1865555	1865633
1866967	1867005
1867109	1867206
1867453	1868198
1868297	1868478
1868646	1868776
1868932	1869599
1869998	1870092
1870249	1870324
1871974	1872103
1872709	1872857
1872941	1873292
1873324	1873788
1873850	1874192
1874378	1874632
1874977	1875199
1875468	1875529
1876174	1876405
1877986	1878281
1882073	1882202
1885991	1886094
1886526	1886542
1887164	1887198
1887656	1887794
1888087	1888253
1888589	1888599
1888791	1889401
1889740	1890064
1890558	1890587
1890893	1890942
1891108	1891391
1891727	1891802
1893667	1893816
1894021	1896256
1896923	1897059
1897102	1899897
1900042	1900212
1900376	1900401
1900549	1901001
1901170	1901379
1902677	1902809
1903657	1903903
1904044	1904115
1904289	1904376
1905152	1905201
1905375	1905507
1906309	1906471
1906607	1906676
1908021	1908088
1909007	1909289
1909355	1909464
1909888	1910020
1910191	1910314
1911428	1911566
1911701	1911774
1911788	1912009
1913312	1913342
1914609	1914673
1915280	1915337
1915742	1915863
1918330	1918376
1918750	1918786
1919456	1919683
1919886	1919955
1921752	1921817
1922423	1922527
1922877	1923080
1923237	1923517
1924037	1924114
1924351	1924457
1924685	1924833
1925606	1925879
1925949	1926060
1929313	1929390
1929764	1929933
1930681	1930757
1931835	1932025
1932152	1932178
1932320	1932579
1932592	1932939
1933002	1933243
1933336	1933864
1934407	1934855
1935041	1935215
1935513	1935602
1935788	1936000
1936145	1936380
1936474	1936741
1937191	1937246
1937777	1938238
1939333	1939425
1939655	1939789
1939979	1940183
1940550	1941545
1941605	1941828
1942693	1942792
1943064	1943180
1944104	1944313
1951399	1951485
1952432	1952492
1952676	1952708
1958782	1959392
1961267	1961344
1962453	1962706
1962719	1962796
1962955	1963107
1963342	1963477
1964047	1964236
1964316	1964561
1964686	1964767
1965189	1965221
1965387	1965408
1965805	1965871
1967648	1967741
1969111	1969125
1969252	1969320
1969624	1969689
1969854	1970644
1970674	1970751
1973476	1973627
1974086	1974198
1974271	1974452
1974769	1975045
1976786	1977063
1980846	1980975
1984890	1984993
1985431	1985447
1986069	1986103
1986561	1986699
1986992	1987159
1987683	1988293
1988632	1988957
1989448	1989477
1989775	1989910
1990037	1990301
1990551	1990655
1992515	1992664
1992868	1995589
1995819	1996142
1996366	1998398
1998572	2000231
2000365	2000514
2000867	2001667
2001823	2001956
2002068	2002326
2002391	2002573
2002742	2002951
2004249	2004381
2005229	2005475
2005616	2005687
2005861	2005948
2006716	2006765
2006941	2007095
2007202	2007241
2007937	2008099
2008235	2008304
2009750	2009853
2010873	2011142
2011249	2011352
2011777	2011905
2012079	2012211
2013438	2013578
2013727	2013779
2013798	2014021
2015320	2015350
2016617	2016681
2017288	2017345
2017754	2017874
2019824	2019868
2020709	2020745
2021415	2021642
2021845	2021914
2023700	2023765
2024489	2024591
2024957	2025171
2025381	2025746
2026214	2026291
2026517	2026621
2026831	2026977
2027720	2028015
2028083	2028194
2031438	2031515
2031889	2032058
2034291	2034481
2034608	2034633
2034813	2034852
2035728	2035811
2035995	2036335
2036840	2037566
2037610	2037719
2037863	2037994
2038157	2038355
2038476	2038577
2038729	2038759
2039066	2039230
2039584	2039714
2039817	2040380
2041449	2041541
2041791	2041919
2041983	2042231
2042295	2042344
2042741	2043982
2044144	2044363
2044431	2044654
2045406	2045517
2045777	2045903
2046312	2046395
2047407	2047591
2051092	2051228
2056772	2056792
2060529	2060561
2060668	2060852
2066230	2066251
2067262	2067318
2069568	2070161
2072225	2072238
2072322	2072415
2073350	2073454
2074451	2074543
2077885	2078390
2079551	2079739
2079812	2080028
2080178	2080259
2080681	2080713
2080879	2080900
2081297	2081363
2082686	2082747
2084004	2084188
2084522	2084590
2084772	2085536
2085633	2085662
2088666	2088842
2089281	2089389
2089491	2089679
2090101	2090274
2090384	2090534
2091042	2091135
2092505	2092771
2096549	2096678
2100467	2100570
2101002	2101018
2101640	2101674
2102132	2102270
2102563	2102729
2103065	2103075
2103267	2103877
2104216	2104540
2105034	2105063
2105362	2105442
2105588	2105748
2107902	2108050
2108241	2109811
2110422	2110939
2111420	2111571
2111609	2113245
2113386	2113587
2113873	2114284
2114447	2114656
2115936	2116068
2116913	2117163
2117284	2117356
2117530	2117617
2118347	2118599
2119313	2119484
2119613	2119683
2121860	2121972
2123024	2123182
2123296	2123372
2123385	2123604
2124879	2124909
2126740	2126808
2126929	2127029
2129675	2129722
2130794	2131010
2131212	2131287
2133431	2133496
2134091	2134195
2134526	2134672
2134849	2135177
2137001	2137104
2140746	2140936
2141032	2142341
2142492	2142892
2143367	2143946
2144027	2144232
2144681	2144861
2144995	2145138
2145291	2145543
2146812	2146980
2147995	2148141
2148220	2148490
2149303	2149466
2149870	2149980
2162285	2162471
2162497	2162694
2162744	2162779
2164554	2164631
2167511	2167624
2168039	2168070
2168473	2168553
2168916	2169005
2169287	2169414
2169961	2170131
2170487	2170749
2170844	2171037
2180512	2180652
2180983	2181066
2181570	2181982
2182054	2182075
2186288	2186345
2187493	2187591
2189665	2189819
2191062	2191145
2194917	2194991
2196691	2196920
2200351	2200455
2201248	2201333
2201605	2202212
2202333	2202934
2203114	2203291
2203471	2203642
2203716	2203798
2204225	2204247
2204700	2204833
2204978	2205102
2205564	2206159
2206423	2206529
2207293	2207464
2208326	2208344
2209999	2210077
2210466	2210543
2211013	2211128
2211462	2211542
2211867	2212031
2212193	2212277
2212575	2212992
2213133	2213890
2214035	2214122
2214215	2214642
2214865	2216111
2216407	2218148
2218237	2218346
2218390	2220715
2220751	2220910
2220965	2223312
2223411	2223518
2223781	2223866
2225393	2225587
2231169	2231278
2231416	2231439
2231626	2231934
2232441	2232462
2232644	2232985
2233883	2234045
2234129	2234208
2234422	2235341
2235414	2235959
2236063	2236501
2236661	2237019
2237220	2237293
2237508	2237738
2238223	2238258
2241036	2241114
2241747	2242533
2242679	2243090
2243147	2244438
2244484	2244586
2246634	2246780
2247005	2247192
2247227	2247351
2247911	2247937
2248455	2248666
2249071	2249206
2249763	2249858
2250021	2250160
2251448	2251515
2252527	2252624
2255518	2255684
2258581	2258668
2258790	2258983
2259219	2259304
2259385	2259532
2260066	2260165
2263049	2263128
2264970	2265115
2267588	2267669
2269906	2269929
2270408	2270550
2270860	2270967
2272475	2272499
2274076	2274104
2274243	2274306
2274355	2274453
2275146	2275657
2276209	2276419
2276749	2277098
2277146	2277571
2277628	2277942
2278213	2278282
2278899	2278972
2279675	2279700
2279894	2280026
2282962	2283156
2283429	2283707
2286320	2286531
2290359	2290656
2290784	2291165
2291654	2291777
2292717	2292993
2293383	2293592
2293734	2293761
2293860	2293962
2294082	2294291
2295308	2295430
2296345	2296463
2298446	2298708
2298882	2298907
2299212	2299346
2299673	2299835
2300132	2300269
2300786	2300817
2303088	2303133
2304542	2304600
2306918	2307016
2310067	2310157
2311598	2311623
2315769	2315775
2316366	2316454
2317105	2317308
2317634	2317770
2318077	2318335
2319350	2319431
2322386	2322483
2322638	2323163
2330941	2331023
2332186	2332211
2332745	2332870
2333597	2333618
2334080	2334147
2334838	2335006
2335035	2335306
2335462	2335560
2335722	2335982
2336018	2336138
2336224	2336281
2336466	2336743
2337924	2338008
2338343	2338517
2338558	2339020
2339751	2339834
2340541	2340736
2341910	2341998
2342389	2342595
2345447	2345941
2347622	2347719
2349463	2349676
2349996	2350054
2350154	2350219
2350443	2350506
2351403	2351483
2351985	2352182
2352635	2352794
2353156	2353189
2353427	2353455
2353713	2353892
2354120	2354269
2354866	2355012
2355298	2355405
2355848	2356120
2357511	2357723
2359309	2359334
2359898	2359976
2360762	2360808
2361128	2361566
2361843	2361941
2364016	2364170
2366086	2366169
2369368	2369442
2371163	2371392
2374840	2374944
2375738	2375823
2376095	2376702
2376822	2377398
2377609	2377747
2377964	2378134
2378208	2378290
2378717	2378739
2379192	2379325
2379470	2379594
2380045	2380649
2380913	2381018
2381784	2381955
2382819	2382837
2384494	2384572
2384962	2385039
2385512	2385624
2385957	2386036
2386364	2386528
2386690	2386774
2387075	2387491
2387631	2388388
2388533	2388620
2388711	2389139
2389354	2390612
2390906	2392650
2392739	2392848
2392892	2395221
2395257	2395416
2395473	2397822
2397924	2398031
2398294	2398379
2399909	2400103
2405688	2405797
2405940	2405963
2406150	2406458
2406969	2406990
2407172	2407513
2408414	2408576
2408660	2408739
2408956	2409874
2409950	2410498
2410586	2411041
2411202	2411562
2411763	2411836
2412051	2412281
2412766	2412801
2415585	2415663
2416298	2417083
2417229	2417640
2417697	2418989
2419040	2419139
2421191	2421337
2421560	2421748
2421783	2421907
2422467	2422493
2423014	2423224
2423614	2423748
2424328	2424421
2424585	2424724
2426014	2426081
2427094	2427191
2430087	2430253
2433151	2433238
2433360	2433553
2433790	2433875
2433956	2434103
2434634	2434734
2437622	2437701
2439545	2439690
2442166	2442247
2444990	2445117
2445442	2445549
2447056	2447080
2448657	2448685
2448824	2448887
2448936	2449034
2449729	2450240
2450792	2451000
2451329	2451683
2451719	2452148
2452201	2452514
2452782	2452852
2453470	2453543
2454246	2454271
2454465	2454597
2457533	2457727
2458000	2458291
2460901	2461112
2464947	2465244
2465372	2465753
2466242	2466365
2467307	2467583
2467973	2468182
2468325	2468349
2468452	2468553
2468673	2468882
2469900	2470024
2470934	2471052
2473038	2473300
2473474	2473499
2473804	2473938
2474268	2474436
2474725	2474847
2475365	2475413
2477674	2477719
2479124	2479182
2481503	2481600
2484653	2484743
2486188	2486213
2490365	2490371
2490963	2491044
2491704	2491906
2492233	2492368
2492679	2492934
2493952	2494033
2496993	2497090
2497245	2497770
2505034	2505152
2506316	2506340
2506875	2507000
2507732	2507753
2508982	2509150
2509180	2509451
2509608	2509706
2509868	2510128
2510164	2510284
2510370	2510427
2510612	2510886
2512069	2512153
2512488	2512662
2512703	2513167
2513899	2513981
2514690	2514885
2516059	2516145
2516538	2516744
2519624	2520095
2521805	2521900
2523672	2523885
2524207	2524263
2524368	2524433
2524657	2524720
2525617	2525697
2526199	2526396
2526847	2527006
2527370	2527400
2527640	2527668
2527929	2528108
2528336	2528485
2529080	2529226
2529512	2529619
2530062	2530332
2531725	2531937
2533525	2533550
2534116	2534194
2534982	2535028
2535348	2535786
2536068	2536166
2538223	2538375
2539288	2539372
2543557	2543631
2545529	2545761
2549222	2549326
2550136	2550225
2550497	2551109
2551229	2551838
2551864	2551925
2552025	2552183
2552386	2552554
2552637	2552717
2553156	2553178
2553636	2553769
2553914	2554038
2554518	2555101
2555372	2555477
2556252	2556405
2557297	2557315
2559028	2559043
2559524	2559601
2560084	2560191
2560953	2561104
2561267	2561328
2561661	2562076
2562228	2563042
2563322	2563469
2563679	2564051
2564284	2564570
2564684	2564858
2564939	2565664
2565995	2566305
2566579	2570182
2570217	2570353
2570442	2573307
2573414	2573493
2573784	2573869
2575456	2575618
2581245	2581396
2581471	2581521
2581710	2582018
2582584	2582605
2582775	2582949
2582974	2583173
2584259	2584418
2584532	2584609
2584803	2585723
2585813	2586367
2586483	2587002
2587161	2587487
2587707	2587780
2587995	2588207
2592185	2592263
2592913	2594089
2594127	2594631
2596658	2596803
2597032	2597215
2597265	2597384
2597950	2597975
2598508	2598716
2599132	2599260
2599834	2599926
2600097	2600236
2601545	2601603
2604919	2605085
2608005	2608088
2608212	2608405
2608647	2608740
2608778	2608941
2609501	2609601
2612519	2612598
2614461	2614606
2617112	2617193
2619959	2620104
2620424	2620515
2622091	2622223
2622752	2622796
2624592	2624628
2624767	2624844
2625434	2625729
2625943	2626120
2626709	2627084
2627242	2627505
2628908	2629091
2629587	2629902
2630027	2630402
2630644	2630937
2630996	2631173
2632338	2632449
2633163	2633188
2633382	2633514
2636552	2636753
2637143	2637325
2639955	2640165
2644034	2644209
2644230	2644346
2644483	2644869
2645362	2645480
2646538	2646672
2646727	2646916
2647090	2647156
2647651	2647795
2647894	2648122
2649609	2649657
2650303	2650399
2650543	2650665
2651579	2651697
2653793	2654104
2654266	2654304
2654410	2654523
2654744	2654845
2655130	2655238
2655591	2655688
2656359	2656394
2658673	2658718
2660138	2660196
2660824	2661045
2661827	2661874
2664213	2664242
2665640	2665737
2668819	2668909
2670365	2670404
2674575	2674581
2675182	2675259
2675925	2676145
2676468	2676604
2676915	2677174
2678206	2678287
2681286	2681391
2681537	2682067
2689490	2689608
2690824	2690848
2691388	2691513
2692259	2692280
2692894	2692920
2693437	2693732
2694120	2694224
2694348	2694987
2695093	2695184
2695256	2695885
2696453	2696464
2697359	2697489
2697639	2697809
2698049	2698583
2698668	2698804
2698917	2698990
2700109	2700179
2700433	2701059
2701354	2701458
2701591	2702069
2704297	2704604
2704859	2704963
2705113	2705838
2706225	2706269
2706572	2706619
2708118	2708199
2709040	2710185
2710293	2710439
2713409	2713625
2713947	2714001
2714114	2714178
2714415	2714475
2715365	2715445
2715958	2716153
2716611	2716766
2717154	2717168
2717414	2717441
2717815	2717962
2718199	2718348
2718957	2719099
2719402	2719510
2719943	2720207
2721623	2721860
2723447	2723472
2724273	2724366
2725157	2725203
2725567	2726019
2726391	2726597
2726928	2727035
2727720	2727807
2729469	2729473
2731560	2731639
2733038	2733147
2733211	2733321
2733497	2733580
2733951	2734353
2734409	2734534
2734583	2734728
2734852	2734998
2735160	2735421
2735499	2735783
2735860	2736370
2736512	2736729
2736788	2736930
2737049	2737308
2737522	2737560
2737622	2737764
2737827	2737857
2738061	2738097
2738141	2738668
2738752	2738797
2738914	2740085
2740202	2740338
2740641	2740707
2741997	2742079
2744264	2744594
2744673	2745293
2745393	2745800
2748732	2748843
2749932	2749995
2750840	2750964
2751509	2751627
2752703	2752826
2753831	2754076
2754103	2754277
2758009	2758076
2763948	2764017
2764501	2764561
2767702	2767816
2769047	2769066
2769270	2769393
2771172	2771244
2771388	2771460
2774010	2774113
2775105	2775178
2776639	2776711
2777072	2777307
2777582	2777750
2777828	2777940
2778071	2778261
2778450	2778591
2780823	2780996
2781071	2781152
2782888	2782987
2784173	2784328
2784970	2785075
2787188	2787477
2787763	2787931
2787958	2788313
2788630	2788759
2789154	2789308
2789499	2789662
2792108	2792164
2792283	2792376
2792552	2792713
2794100	2794259
2794976	2795138
2795660	2795781
2796545	2796705
2796749	2796783
2796870	2796967
2797157	2797280
2797341	2797721
2797809	2797990
2798262	2798412
2798551	2798660
2798766	2798943
2799286	2799415
2802319	2802361
2803823	2803866
2804008	2804269
2804361	2804458
2805026	2805273
2805451	2805677
2805786	2805809
2805911	2806367
2806756	2806804
2808374	2808447
2810124	2810411
2810695	2810792
2811267	2811451
2811871	2812225
2812331	2812469
2812714	2812838
2812966	2813124
2813412	2813464
2813545	2813622
2814204	2814208
2817943	2818097
2818382	2820697
2820903	2821382
2821606	2821829
2821930	2822634
2822765	2823041
2823207	2823646
2823959	2824473
2824490	2824721
2824781	2825346
2825481	2826164
2826378	2826890
2826969	2828518
2828590	2829236
2829416	2829721
2829846	2830203
2830375	2830679
2830840	2831230
2831330	2831497
2832063	2832110
2832226	2832450
2832509	2832709
2833148	2833299
2833340	2833404
2835803	2835966
2836246	2836288
2837713	2837841
2838574	2838672
2841382	2841566
2841699	2841749
2847022	2847099
2847538	2847615
2847874	2847919
2848703	2848719
2849124	2849184
2850101	2850178
2850553	2851321
2851359	2852212
2852297	2852400
2852551	2852612
2852638	2853566
2853845	2853924
2856584	2856597
2859525	2859550
2860190	2860338
2860689	2860751
2861326	2861359
2861640	2861669
2861820	2861900
2862079	2862267
2862603	2862739
2863138	2863304
2863474	2865300
2865374	2865617
2865736	2865853
2866175	2866304
2866483	2866863
2867180	2867198
2867987	2868114
2868209	2868274
2868590	2868849
2868999	2869077
2869159	2869448
2869722	2869953
2870333	2870535
2870782	2870887
2870993	2871141
2871227	2871313
2871625	2871729
2872342	2872466
2872690	2872865
2872956	2873054
2873167	2873298
2873652	2873685
2874023	2874060
2875984	2876068
2886449	2886527
2887499	2887612
2888765	2888850
2890010	2890098
2892493	2892566
2893909	2893934
2898105	2898130
2901322	2901468
2914110	2914131
2916489	2916510
2918642	2918765
2919725	2919911
2939412	2939538
2945216	2945300
2945896	2945960
2949469	2949480
2949667	2949795
2952592	2952661
2954829	2954908
2956935	2957064
2957395	2957445
2958799	2958818
2959604	2959708
2960847	2961062
2961731	2961782
2962294	2962379
2962480	2962541
2966367	2966441
2968577	2968602
2970921	2970945
2971481	2971638
2973806	2973826
2980134	2980209
2983814	2983889
2985127	2985214
2986612	2986662
2987131	2987248
2988123	2988248
2988611	2988816
2989134	2989301
2991024	2991049
2994790	2994868
2997333	2997412
3005296	3005331
3005529	3005547
3006510	3006599
3011308	3011433
3013268	3013408
3013961	3014062
3014170	3014192
3023879	3024010
3038739	3038817
3038946	3039049
3041094	3041243
3042189	3042292
3048247	3048309
3049271	3049439
3049861	3049965
3050072	3050084
3052795	3052873
3055750	3055827
3057470	3057524
3059807	3059912
3065822	3065879
3066164	3066529
3068876	3068971
3070849	3070947
3074692	3074828
3082655	3082703
3113114	3113794
3115976	3116016
3116074	3116204
3120411	3120433
3123670	3123685
3123827	3124093
3124177	3124830
3124946	3125060
3125294	3125446
3128827	3128965
3129057	3129080
3129877	3130018
3130862	3130967
3131708	3131985
3134211	3134456
3135930	3135961
3136414	3136570
3138365	3138762
3139164	3139389
3139441	3139825
3140281	3140535
3140602	3140728
3140791	3141041
3141228	3141242
3141448	3141523
3141923	3142032
3142215	3142406
3142451	3142646
3142915	3143169
3150919	3150977
3158129	3158269
3160937	3161131
3161359	3161448
3162734	3163028
3163180	3163274
